1221011 

2000003 2000017 
2000002 2000016 2022174 
2000004 2000012 2002012 2022175 2022456 
2000006 2000018 2022177 
2000005 2000019 2002013 2022176 2022457 
2022000 
2001001 
2001002 
2022003 3994092 
2001000 
2020014 
2020015 

4003000 

1102003 
1102004 
1102000 
1102002 
1102001 
1102011 
1102012 
1102013 
1102014 
1032011 1041078 
1032012 
1032013 
1032002 
1032008 4031568 
1032011 1041078 
2070011 

4010003 
4010000 
4010006 
4010002 
4010005 
4010004 
4010001 
4020001 
4020002 
4020008 
4020007 
4020003 
4020000 
4020004 
4020005 
4020006 
