 # Report File autogenerated from the MapleCashCosmeticsChecker feature by Ronan Lana.
 # Generated data takes into account several data info from the server source files and the server-side WZ.xmls.

Found 42 entries with missing cosmetic entries.
  NPC 1012103:VIP
    30060, 30140, 30200, 30210, 30310, 33040, 33100
    31150, 31300, 31350, 31700, 31740, 34050, 34110

  NPC 1012104:EXP
    30030, 30140, 30200, 30210, 30310, 30610, 33040, 33100
    31070, 31150, 31300, 31350, 31430, 31700, 34050, 34110

  NPC 1012104:REG
    30060, 30140, 30200, 30210, 30310, 30610, 33040, 33100
    31070, 31080, 31150, 31300, 31350, 31700, 34050, 34110

  NPC 1052004:VIP
    20000, 20001, 20003, 20004, 20005, 20006, 20007, 20008, 20012, 20014, 20015, 20022, 20028, 20031
    21000, 21001, 21002, 21003, 21004, 21005, 21006, 21007, 21008, 21012, 21013, 21014, 21023, 21026

  NPC 1052005:REG
    20000, 20005, 20008, 20012, 20016, 20022, 20032
    21000, 21002, 21008, 21014, 21020, 21024, 21029

  NPC 1052100:VIP
    30040, 30130, 30780, 30850, 30860, 30920, 33040
    31090, 31140, 31330, 31440, 31760, 31880, 34050

  NPC 1052101:EXP
    30130, 30430, 30520, 30770, 30780, 30850, 30920, 33040
    31060, 31140, 31330, 31520, 31760, 31880, 34010, 34050

  NPC 1052101:REG
    30040, 30130, 30520, 30770, 30780, 30850, 30920, 33040
    31060, 31140, 31330, 31440, 31520, 31750, 31760, 31880, 34050

  NPC 2010001:VIP
    30230, 30260, 30280, 30340, 30490
    31110, 31220, 31230, 31630, 31790

  NPC 2010002:VIP
    20000, 20001, 20003, 20004, 20005, 20006, 20007, 20008, 20012, 20014, 20022, 20028, 20031
    21000, 21001, 21002, 21003, 21004, 21005, 21006, 21007, 21008, 21012, 21014, 21023, 21026

  NPC 2012007:EXP
    30230, 30280, 30340, 30490, 30530, 30740
    31110, 31220, 31230, 31710, 31790, 31890, 31930

  NPC 2012007:REG
    30230, 30260, 30280, 30340, 30490, 30530, 30630, 30740
    31110, 31220, 31230, 31630, 31650, 31710, 31790, 31890, 31930

  NPC 2012009:REG
    20003, 20011, 20021, 20022, 20023, 20027, 20031
    21004, 21007, 21010, 21012, 21020, 21021, 21030

  NPC 2040019:REG
    20001, 20003, 20007, 20013, 20021, 20023, 20025
    21002, 21004, 21006, 21008, 21022, 21027, 21029

  NPC 2041007:VIP
    30160, 30190, 30250, 30640, 30660, 30840, 30870, 30990
    31270, 31290, 31550, 31680, 31810, 31830, 31840, 31870

  NPC 2041009:EXP
    30030, 30190, 30220, 30250, 30540, 30610, 30620, 30640, 30650, 30660, 30840, 30990
    31170, 31270, 31430, 31510, 31540, 31550, 31600, 31680, 31810, 31830, 31840, 31870

  NPC 2041009:REG
    30190, 30220, 30250, 30540, 30610, 30620, 30640, 30650, 30660, 30840, 30870, 30940, 30990
    31170, 31270, 31290, 31510, 31540, 31550, 31600, 31640, 31680, 31810, 31830, 31840, 31870

  NPC 2041010:VIP
    20000, 20001, 20003, 20004, 20005, 20006, 20007, 20008, 20011, 20012, 20014, 20031
    21000, 21001, 21002, 21003, 21004, 21005, 21006, 21007, 21008, 21010, 21012, 21014

  NPC 2090100:VIP
    30150, 30240, 30370, 30420, 30640, 30710, 30750, 30810
    31140, 31160, 31180, 31300, 31460, 31470, 31660, 31910

  NPC 2090101:EXP
    30030, 30150, 30240, 30370, 30420, 30550, 30600, 30640, 30700, 30710, 30720, 30750, 30810, 30830
    31140, 31160, 31180, 31210, 31300, 31430, 31460, 31470, 31660, 31690, 31800, 31890, 31910, 31940

  NPC 2090104:REG
    20002, 20005, 20007, 20011, 20014, 20017, 20029
    21001, 21010, 21013, 21018, 21020, 21021, 21030

  NPC 2090104:VIP
    20000, 20001, 20004, 20005, 20006, 20007, 20009, 20012, 20022, 20028, 20031
    21000, 21003, 21005, 21006, 21008, 21009, 21011, 21012, 21023, 21024, 21026

  NPC 2100005:REG
    30150, 30170, 30180, 30320, 30330, 30410, 30460, 30680, 30800, 30820, 30900
    31090, 31190, 31330, 31340, 31400, 31420, 31520, 31620, 31650, 31660, 34000

  NPC 2100006:VIP
    30150, 30170, 30180, 30320, 30330, 30410, 30460, 30820, 30900
    31040, 31090, 31190, 31330, 31340, 31400, 31420, 31620, 31660

  NPC 2100008:VIP
    20000, 20004, 20005, 20012, 20013, 20031
    21000, 21003, 21006, 21009, 21012, 21024

  NPC 2100009:REG
    20001, 20003, 20009, 20010, 20025, 20031
    21002, 21009, 21011, 21013, 21016, 21029, 21030

  NPC 9120100:VIP
    30260, 30280, 30340, 30710, 30780, 30800, 30810, 30820, 30920
    31000, 31030, 31100, 31350, 31460, 31550, 31770, 31790, 31850

  NPC 9120101:REG
    30260, 30280, 30340, 30360, 30710, 30780, 30790, 30800, 30810, 30820, 30920
    31350, 31410, 31460, 31540, 31550, 31710, 31720, 31770, 31790, 31800, 31850, 34000

  NPC 9120102:VIP
    20000, 20004, 20005, 20012, 20020, 20031
    21000, 21003, 21006, 21012, 21021, 21024

  NPC 9120103:REG
    20000, 20016, 20019, 20020, 20021, 20024, 20026
    21000, 21002, 21009, 21016, 21022, 21025, 21027

  NPC 9201015:VIP
    30050, 30300, 30410, 30450, 30510, 30570, 30580, 30590, 30660, 30910
    31150, 31220, 31260, 31310, 31420, 31480, 31490, 31580, 31590, 31610, 31630

  NPC 9201016:EXP
    30000, 30020, 30110, 30130, 30160, 30190, 30240, 30270, 30430
    31000, 31030, 31050, 31070, 31090, 31150, 31310, 31910, 34010

  NPC 9201018:VIP
    20000, 20001, 20003, 20004, 20005, 20006, 20007, 20008, 20018, 20019
    21001, 21002, 21003, 21004, 21005, 21006, 21007, 21012, 21018, 21019

  NPC 9201019:REG
    20002, 20005, 20007, 20011, 20014, 20027, 20029
    21001, 21005, 21007, 21017, 21018, 21020, 21022

  NPC 9201063:EXP
    30250, 30400, 30430, 30440, 30490, 30730, 30830, 30870, 30880, 33100
    31320, 31450, 31560, 31570, 31690, 31720, 31730, 31830, 34010

  NPC 9201064:VIP
    30250, 30490, 30730, 30870, 30880, 33100
    31320, 31450, 31560, 31730, 31830

  NPC 9201069:VIP
    20000, 20001, 20003, 20004, 20005, 20006, 20008, 20012, 20031
    21001, 21002, 21003, 21004, 21005, 21006, 21008, 21012, 21016

  NPC 9201070:REG
    20001, 20008, 20011, 20013, 20024, 20029, 20032
    21000, 21007, 21011, 21012, 21017, 21020, 21022

  NPC 9270023:REG
    20002, 20005, 20006, 20013, 20017, 20021, 20024
    21002, 21003, 21014, 21016, 21017, 21021, 21027

  NPC 9270024:VIP
    20005, 20012, 20013, 20020, 20021, 20026
    21006, 21009, 21011, 21012, 21021, 21025

  NPC 9270036:VIP
    30000, 30020, 30110, 30120, 30270, 30290, 30310, 30670, 30840
    31010, 31050, 31110, 31120, 31240, 31250, 31280, 31670, 31810

  NPC 9270037:REG
    30110, 30180, 30260, 30290, 30300, 30350, 30470, 30720, 30840
    31110, 31200, 31250, 31280, 31600, 31640, 31670, 31810, 34020

Unused cosmetics: 22
30010 Zeta
30070 Back
30080 Buzzcut
30090 Mohawk
30100 Fantasy
30480 Babby Cut
30560 Grand Lionman
30690 Metro Man
30760 Bowling Ball
30890 Eastern Mystery
30930 Boy Band Cut
30950 Volume Cut
31020 Francesca
31130 Jolie
31530 Zessica
31780 ???? ??
31820 Grace
31860 Laguna Beach
31920 CL Hair
31950 Vintage Flip
33000 Prince Cut
34030 Designer Hair

Missing cosmetic itemids: 15
Bohemian Hair
Bow Hair
Clean-Cut Short Hair
Dual Blade Hair
Evan Hair (F)
Evan Hair (M)
Explosion
Lilin Hair
Low Cut Bob
Messy Pigtails
Oh So Windy
Spiky Shag
Top Tied Hair
Updo
Windy Hair

