
Scroll:
2040605 
2040626 
2040609 
2040607 
2041029 
2041027 
2041031 
2041037 
2041033 
2041039 
2041041 
2041035 
2040811 - uncommon
2040809 
2040813 
2040815 - uncommon
2040015 
2040009 
2040011 
2040013 
2040509 
2040521 
2040519 
2040507 
2040905 
2040909 
2040907 
2040713 
2040715 
2040717 
2040405 
2040409 
2040407 
2040426 
2040303 
2040307 
2040309 
2044505 
2044705 
2044605 
2043305 
2043105 
2043205 
2043005 
2043007 
2044405 
2044305 
2043805 
2044105 
2044205 
2044005 
2043705 

Useable drop:
2012000 
2000004 2000012 2002012 2022175 2022456 
2020008 
2000005 2000019 2002013 2022176 2022457 
2012002 
2101001 - uncommon
2101004 
2101005 
2101002 
2101003 
4006000 

Warrior equipment:
1092014 
1402017 

Magician equipment:
1002037 
1002034 
1002064 
1002038 
1382037 
1372000 
1002013 
1002035 
1002065 
1382000 

Bowman equipment:
1452018 

Thief equipment:
1472010 1472034 1472039 1472045 
1002175 
1472017 
1472025 1472036 1472041 1472047 

Pirate Scroll:
2044901 

Pirate equipment:
1002637 
