
Scroll:
2041012 
2048003 
[2043800 2043803 2043812 ]
2043301 
2040301 
[2040804 2040826 ]- uncommon
2043101 
2043201 
2043001 
2044301 
2043801 
2044201 
2043701 
2044502 
2041011 
2041014 
2044602 
2043302 
2040805 - uncommon
2043202 
2043002 
2048005 
2044402 
2044302 
2043802 
2044102 
2044202 
2043702 

Useable drop:
2340000 - uncommon
2000004 2000012 2002012 2022175 2022456 
2000005 2000019 2002013 2022176 2022457 

Common equipment:
1402010 
1032003 
1442013 
1432009 
1302022 
1302029 
1322021 
1302026 
1442017 
1322023 
1102011 
1032008 4031568 
1322026 
1442016 
1312000 
1032007 
1322025 
1322027 
1032020 
1442015 
1432017 
1302027 
1302049 
1372006 
1032022 
1032021 
1372004 
1332020 
1322007 
1032006 
1302028 
1322003 1702020 
1302007 
1092030 
1302021 
1322024 
1322012 
1032005 
1322022 
1032013 
1302025 
1302013 
1032017 
1032002 
1032001 
1302017 
1432018 
1442012 
1302000 
1032000 
1102013 
1442022 
1372005 
1442021 
1032009 
1302016 

Warrior equipment:
1442003 
1312007 
1402008 
1312008 1312018 1312022 1312026 
1412008 1412015 1412019 1412024 
1442009 
1302004 
1312006 
1442016 
1402012 1402022 1402027 1402033 
1302003 
1312005 
1432002 1432019 1432024 1432031 
1432001 
1302008 1302038 1302043 1302050 
1040030 
1402015 1402023 1402028 1402034 
1322015 
1432006 1432021 1432026 1432033 
1322002 
1302010 1302039 1302044 1302051 
1322017 1322036 1322041 1322047 
1402003 1402020 1402025 1402031 
1402006 
1322000 
1422001 
1442001 
1422004 
1412004 
1322009 
1322011 
1442000 
1412005 
1402002 1402019 1402024 1402030 
1432004 1432020 1432025 1432032 
1442010 1442032 1442036 1442041 
1422008 
1442007 
1422009 1422016 1422020 1422024 
1322019 1322038 1322043 1322049 
1412003 1412013 1412017 1412022 
1412007 1412014 1412018 1412023 
1302009 
1412000 
1322014 1322035 1322040 1322046 
1402001 
1402007 
1432005 

Magician equipment:
1382001 1382020 1382025 1382030 
1372007 1372019 1372023 1372028 
1382010 1382023 1382028 1382033 
1382007 1382022 1382027 1382032 
1372000 
1372003 
1382011 
1382006 1382021 1382026 1382031 
1382000 

Bowman equipment:
1452004 1452029 1452034 1452040 
1452000 
1452010 
1452015 1452031 1452036 1452042 
1452014 
1462012 
1462010 
1452017 
1462000 1462023 1462028 1462033 
1452008 1452028 1452033 1452039 
1452006 
1462006 
1452007 
1452002 
1402001 

Thief equipment:
1472006 
1472010 1472034 1472039 1472045 
1332022 
1332011 
1472015 
1472016 
1472023 
1472028 
1472022 
1472011 
1472026 
1332024 
1332009 
1472017 
1472013 
1472029 1472037 1472042 1472048 
1472021 1472035 1472040 1472046 
1332015 1332035 1332040 1332045 
1332031 
1332023 1332037 1332042 1332047 
1332004 
1472000 
1332019 
1472027 
1332018 1332036 1332041 1332046 
1472007 
1332012 1332033 1332038 1332043 
1332016 
1472024 
1332017 
1332003 1332034 1332039 1332044 
1472012 
1472014 
1472005 
1472018 
1472001 

Pirate Scroll:
2044812 

Pirate equipment:
1072294 
1492009 1492018 
