
Scroll:
2043302 
2040002 
2043102 
2043002 
2044402 
2044302 
2043802 
2044002 
2041017 2041053 2041016 2041052 2041015 

Useable drop:
2000004 2000012 2002012 2022175 2022456 
2000005 2000019 2002013 2022176 2022457 
2022025 
2022026 

Common equipment:
1402010 
1442013 
1432009 
1002060 
1002063 
1322023 
1002042 
1050018 
1082147 
1002026 
1002392 
1082149 - uncommon
1062024 
1442016 
1322025 
1322027 
1002391 - uncommon
1302027 
1372006 
1002419 - uncommon
1302019 
1092022 
1302021 
1041004 
1002395 1002448 
1322024 
1082148 
1002012 
1322012 
1032028 
1102012 
1322022 
1051017 
1302013 
1082146 
1442014 
1302017 
1102013 
1102003 
1002041 
1002097 
1302016 
1082145 

Warrior equipment:
1412006 
1040029 5000032 
1040086 
1050005 
1060028 
1002059 
1060008 
1061088 
1402012 1402022 1402027 1402033 
1302003 
1432002 1432019 1432024 1432031 
1312011 1312021 1312025 1312029 
1302008 1302038 1302043 1302050 
1040030 
1002004 
1402015 1402023 1402028 1402034 
1322028 1322039 1322044 1322050 
1322015 
1432006 1432021 1432026 1432033 
1442006 
1322000 
1002085 
1002056 
1092013 
1002058 
1002050 
1060011 
1322009 
1322011 
1442000 
1051011 
1061016 
1060018 
1041024 
1061020 
1302005 
1402002 1402019 1402024 1402030 
1002030 
1092004 
1041023 
1422008 
1060009 
1051000 
1002021 
1442005 1442031 1442035 1442040 
1412003 1412013 1412017 1412022 
1412007 1412014 1412018 1412023 
1422007 
1302009 
1402000 
1402001 
1402007 
1432005 

Magician equipment:
1382001 1382020 1382025 1382030 
1002037 
1060014 
1040018 
1061027 
1050002 
1002152 
1051027 
1050035 
1050056 
1051047 
1051030 
1002274 
1050074 
1002218 
1002254 
1082088 
1382007 1382022 1382027 1382032 
1002013 
1082087 
1372008 
1382008 1382024 1382029 1382034 
1372002 
1372003 
1382011 
1382004 
1050047 
1040019 
1041041 
1061034 
1041051 
1051045 
1051024 
1082081 
1041030 
1040018 
1002073 
1382003 
1082086 
1382014 1702033 
1050055 
1050025 
1002155 
1060015 

Bowman equipment:
1452004 1452029 1452034 1452040 
1462003 
1060070 
1002118 
1061058 
1040003 
1002160 
1002121 
1040068 
1061063 
1040080 
1462004 
1041008 
1061006 
1061009 
1040022 1041032 
1002168 
1040067 
1060056 
1041054 
1041067 
1060063 
1002213 
1002119 
1462005 
1452001 
1462000 1462023 1462028 1462033 
1040025 1041033 
1002166 
1002161 
1040069 
1051039 
1452006 
1462006 
1452007 
1402001 
1041062 

Thief equipment:
1472010 1472034 1472039 1472045 
1472006 
1332011 
1472031 1472038 1472043 1472049 
1041048 
1472019 
1041095 
1040095 
1002128 
1061077 
1060025 
1041040 
1061033 
1472028 
1472022 
1472011 
1040096 
1062002 
1002129 
1472026 
1332009 
1060043 
1002249 
1472021 1472035 1472040 1472046 
1040084 1041076 
1332015 1332035 1332040 1332045 
1002173 
1002148 
1332004 
1332018 1332036 1332041 1332046 
1472009 
1061069 
1002176 
1041044 
1061037 
1060032 
1472020 
1040060 
1472018 
1332013 
1332002 
1402001 

Pirate Scroll:
2044902 2044907 2044904 2044901 2044906 2044903 [2044900 2044908 ]

Pirate equipment:
1052107 
1082189 
1052116 
1072309 
