
Scroll:
2040001 
2041002 
2040805 - uncommon
2040702 
2043802 
2040402 
2043702 

Useable Drops:
2000004 2000012 2002012 2022175 2022456 
2000005 2000019 2002013 2022176 2022457 
2020012 
2030007 

Common equipment:
1432009 
1302022 
1322021 
1302026 
1442017 
1082147 
1102043 
1322026 
1442016 
1402012 1402022 1402027 1402033 
1322025 
1322027 
1302027 
1312012 
1062000 
1332020 
1302028 
1372002 
1002033 
1092022 
1302021 
1102041 - uncommon
1322009 
1102042 - uncommon
1322024 
1082148 
1002012 
1322012 
1322022 
1002020 1002454 
1302013 
1082146 
1442014 
1002096 
1302017 
1442012 

Beginner equipment:
1442018 1442039 - uncommon

Warrior equipment:
1092011 
1092014 
1302003 
1432001 
1312011 1312021 1312025 1312029 
1002088 
1041020 
1322015 
1442004 
1422008 
1302056 1402011 1402021 1402026 1402032 
1432000 
1442005 1442031 1442035 1442040 

Magician equipment:
1382001 1382020 1382025 1382030 
1041053 
1041029 
1050053 
1051032 
1050073 
1061036 
1002253 
1002034 
1051025 
1050067 
1051052 
1002072 
1002144 
1051054 
1050069 
1372007 1372019 1372023 1372028 
1050056 
1050074 
1002254 
1002274 
1002218 
1051055 
1382010 1382023 1382028 1382033 
1002246 
1050039 
1382007 1382022 1382027 1382032 
1372000 
1002013 
1050072 
1002036 
1002244 
1372008 
1382008 1382024 1382029 1382034 
1382011 
1092021 
1051034 
1050047 
1040019 
1041031 
1051033 
1002153 
1002252 
1051024 
1051053 
1050068 
1382003 
1382006 1382021 1382026 1382031 
1050055 
1051031 
1050025 
1002155 
1002245 
1372001 1372018 1372022 1372027 

Bowman equipment:
1452004 1452029 1452034 1452040 
1452023 1702035 
1060057 
1432001 
1040071 
1002137 
1462009 1462026 1462031 1462036 
1452017 
1040025 1041033 
1041027 
1452005 1452027 1452032 1452038 
1452007 
1061057 

Thief equipment:
1472006 
1472019 
1060084 
1472028 
1472004 
1002179 
1082074 
1472029 1472037 1472042 1472048 
1040100 
1332015 1332035 1332040 1332045 
1432001 
1040097 
1060071 
1472007 
1472002 
1051009 
1041044 
1041003 
1332016 
1472020 
1332003 1332034 1332039 1332044 

Pirate Scroll:
2044813 

Pirate equipment:
1002622 
1082204 
1082213 
1082198 
