
Scroll:
2048000 
2040601 
2041019 
2041007 
2041016 
2041022 
2041001 
2041010 
2041013 
2041004 
2044701 
2043301 
2040301 
2048004 
2048001 
2040901 
2040701 
2040704 
2040707 
2040602 
2041020 
2041008 
2041017 
2041023 
2041002 
2041011 
2041014 
2041005 
2044702 
2043302 
[2040302 2040330 ]
2040805 - uncommon
2040002 
2044402 
2048005 
2048002 
2040702 
2040705 
2040708 
2044302 
2043802 
2040402 
2043702 

Useable drop:
2000004 2000012 2002012 2022175 2022456 
2000005 2000019 2002013 2022176 2022457 
4006000 
4006001 

Common equipment:
1032003 
1432009 
1302022 
1302029 
1102014 
1102018 
1312014 
1302026 
1102015 
1032011 1041078 
1312013 
1032008 4031568 
1032019 
1032007 
1332030 
1032020 
1032004 
1302027 
1032022 
1312012 
1032021 
1032006 
1302028 
1322003 1702020 
1002419 - uncommon
1032016 
1032015 
1302024 
1092008 
1032018 
1302021 
1032014 
1332021 
1322012 
1032005 
1032013 
1102012 
1302025 
1302013 
1032002 
1032001 
1032012 
1302017 
1032010 
1402014 
1102017 
1102013 
1442021 
1032009 

Beginner equipment:
1442018 1442039 - uncommon
1332021 
1422011 

Warrior equipment:
1402017 
1422005 1422015 1422019 1422023 
1002023 
1332016 
1432005 

Magician equipment:
1002037 
1002034 
1002064 
1002038 
1002013 
1002036 
1382011 
1002035 
1002065 
1382014 1702033 
1372001 1372018 1372022 1372027 

Bowman equipment:
1452026 
1002162 
1002164 
1462018 
1002165 
1452014 
1002163 
1452012 
1002161 
1452009 
1462007 1462024 1462029 1462034 

Thief Equipment:
1332022 
1002175 
1002172 
1002174 
1040096 
1472033 
1002173 
1332054 
1472054 
1002171 
1332016 

Pirate Scroll:
2044811 

Pirate equipment:
1002646 
